42421417
38022107
33782700
33540005
33213316
29969616
12789615
36432569
39433133
2171922
37920618
39605686
17964919
32721233
36178698
40880735
41901309
41016281
26489970
39677183
40925272
39804718
30537502
25559155
26072135
29790028
19228481
30736202
34143451
36754019
34054727
40171533
28988756
30511349
38591071
41465578
25839426
27103371
41678537
38821253
34658256
35226528
30780810
18640589
39443044
32495167
30020885
30784614
28610922
16610399
36373695
39887844
24199154
34975402
40607157
24641952
37522848
35391537
41776829
37813741
15780428
40311673
37859909
10996151
39350608
30502166
29506910
15212985
41925391
33839290
40072115
39438027
23463656
32007557
31749761
39316579
42132708
21747826
39463434
31646274
12182952
42326458
39405180
41997638
40560624
28005376
39891848
30780853
12814786
24955496
19403044
28668697
33422984
42074266
18220652
12003328
30991633
35902330
42710489
34863032
33732656
20420872
37092151
41416326
3577586
35419620
15655712
41321995
27157042
42405289
40348027
29682682
30459598
39663564
39649679
36118346
39622675
24003936
29872471
41524068
40093284
42727920
39690371
24075717
41019986
34932984
39795070
30726726
40887408
28712893
28448133
34038733
27722184
40621386
3304721
19859570
18952440
14720603
35421433
31523380
25152810
41347181
41307857
38727988
33771461
24725840
39858405
38665015
31882322
27531946
39741663
41222078
41683830
39520208
37526853
26699764
26573176
32229720
21749267
14759771
39892489
29195256
27589992
27186352
37771725
40478351
39333851
34497589
28846606
25506548
37986549
27265206
24753209
41869012
26774018
26341912
26194012
37870067
31124035
27871675
38555029
40975854
25061556
26500045
32325890
29383638
40184516
19041364
31485924
34247748
38762101
24694879
22108438
33561965
39262558
40916127
21448306
41817564
40026256
39934020
41022304
39768655
39858999
40722592
42668762
41103369
39801083
34819089
29412835
27717194
29874560
40458348
38741261
8386288
24410268
42307559
37979828
38038153
16188169
41316800
42662155
15862798
36291508
41723539
21324568
27315220
39778517
40861748
37375783
41114602
32810485
32500274
30081042
42130151
42078285
24680601
40181096
40291753
40964464
40497353
25876562
42135216
25757909
34491605
7556682
20035454
28443255
40866246
27068973
21034402
18353723
40507574
36566341
41025685
38020719
35491295
41162256
2848722
26901603
41808780
38738030
24245943
26315842
41398454
25066255
23651280
14572647
29981198
36982420
36036556
34922691
28506816
42112562
42008149
7956929
27553076
37765234
8102959
31392745
19686115
21767888
41879623
39288591
28102093
42012593
41604435
37638546
42405354
33659381
27631851
42166683
42149072
41931929
40849048
39840162
39813121
38532322
38531211
38417346
38186489
24634822
23954476
12846732
9780839
9436865
9094161
38305719
32428993
23837691
42397318
30364192
41412574
39507503
19001044
31785994
30459715
41111833
40924351
36771035
24721392
37530920
10333081
21952200
36479341
36137376
39807656
36614945
33125041
38169925
26138513
29707863
26059252
37833776
28881290
26658813
39803714
34647685
25066109
29401602
27702763
26097706
24500557
30740510
26470787
34336446
40735319
37731423
42441220
11351275
9163555
41891915
41020937
22366059
35924731
36558993
30061863
27142144
22267301
30695005
29399966
28431668
19952301
42565010
35215286
39761379
42153087
38586157
37089690
36203939
37800107
37854779
31680842
37191219
33926305
31091693
25601282
31440988
34662392
27698937
40116433
24712679
42011909
39542180
29406832
39135602
38669546
31758355
25260877
30533179
42108205
24290838
33850889
40725024
36044100
26072178
40708853
42553740
41847997
40572100
26343632
39200816
38677445
8839251
29632562
41303457
26892511
39116625
34600745
31697935
31432086
29877701
38062835
26384481
32390511
42746314
27073388
40858197
28181428
37192005
33151791
26847506
42206886
33951941
42269588
42709474
42238011
42038034
29056294
40345205
41991393
41789832
41708263
40726453
40361378
40359555
39008562
32962260
36706749
24719110
34986353
34620002
34519026
34479819
33916501
33803053
33539961
33477478
33001556
32440547
31903131
39697577
25120793
37616174
24864619
38376482
23988189
31438749
38043694
38788902
41819567
30506340
27938490
42526995
39032839
40356540
39457081
29717000
33508122
35593668
37920998
39552465
36427920
41202140
20360660
33197349
41953414
39768911
42750843
8902200
39812010
32835725
30719284
33788103
30289042
24464856
9568697
28674521
28598027
29777703
42719822
40906565
36814640
23629625
32110076
35905827
31443779
34370655
29686457
40899781
24323912
39325334
37233628
39271004
25700603
41301704
39891507
42269582
41360246
34953208
35259929
39734391
23935263
37200193
33182425
29673717
35065690
36380358
8614271
41716526
30938196
30116680
41239945
27037706
25903418
41420876
40610267
28031776
24716398
36618518
17951498
37062063
30878191
12609770
11790437
8665266
9350983
18950150
42331284
39127552
12860201
37460364
26895657
21811909
36006576
18573514
35333651
10657494
22496442
42036071
41182647
30195966
40675372
39719978
40068523
40367985
31747801
42575344
26598711
12967720
36689199
40576074
34984793
38172377
42599178
39221223
30058866
12973381
39072740
42211780
39444516
42542974
42292219
39544242
29199179
42772453
23315305
42093866
41069980
38417041
35736785
28961371
34882959
41152558
27180970
41690912
34176783
38183334
38573570
41856344
28540646
42308159
39127152
34176785
40459435
33811589
28885995
17065392
41926051
41909366
41925981
24836562
36343303
31571240
25496749
38686701
28257936
30930091
37191234
18697398
39400117
38705472
26186406
25210110
39582250
42712738
42195123
41657744
42382903
38699640
40269635
22789767
41328144
39172148
38795152
38672620
37827016
32518100
36457601
33121988
31002893
27884496
27656410
27186360
27160799
39142859
26909313
25109805
40777719
39549371
39496174
9792462
42021007
12034449
22262216
2182011
37485788
40813183
42624955
39598383
31795376
39187641
40107411
23933093
15748860
41672302
41022269
26048300
39084842
16987706
36857807
40851184
1352862
28636871
20305008
32585235
34570476
30104166
28768173
36796312
41922235
23612998
27352904
19270384
42024852
41008590
39924833
27142747
26827720
40227008
22127804
39918794
41141001
40719010
32051237
39917093
39583142
38313829
30946836
27890806
38612640
42281177
41914511
41754081
24164718
24183963
40530879
39141282
32413586
25200998
36063105
27300579
41271442
40918811
42165084
41017792
39329893
36148311
34989070
37547806
41271564
33213122
26971841
42423951
19772917
9225122
42544159
42164833
41884101
41496949
29696037
37252522
27022467
42692567
39829685
41734819
19748060
41081017
23182413
21747825
40817552
35633466
33880754
33341919
20570598
42730175
39156410
32869451
32580304
29245916
40643886
18770489
36977934
22611375
20951098
25194183
35662413
34069914
29205117
16179267
24410815
41996973
42450077
33101215
28684145
34715595
21747830
26381142
19647775
17761836
40183385
38541083
38487986
35796695
35408810
24549714
34149624
34717897
26672455
30058933
42724661
19748062
15645696
35231672
36896943
12012270
2819470
38766830
36462999
34015974
33082272
21664294
19737540
15245878
40118774
17267112
41158620
40782272
40231506
23356279
19881341
9790467
40494410
33810265
22904345
30270723
26851597
26787264
17889966
15619630
42661567
39862040
28831150
9466326
28292762
23889512
34260945
30449683
19757164
33921209
42208664
31743041
31443356
29031718
28946907
24368666
9840447
17584962
27515222
25594741
11481412
34284984
42180536
24370893
30364894
15289644
28040864
23616105
30110568
32510929
33767808
37552238
22267300
32360365
33895160
38828140
38438663
32313377
33803183
29993319
8894501
40745623
2841160
29949410
40582734
40843897
39194153
28558993
40062774
30608904
39451508
40342976
30671099
25453189
42095723
40744307
32801469
39301360
29180139
40261091
23035082
39531075
33941038
37908242
31446595
22000927
29977418
33679385
28701318
41912427
41903227
37088166
30497507
29516741
41549356
35561568
34379224
25593851
41178710
30776356
38498670
36893261
25843795
42206250
39861172
39248433
31336447
25707985
40706971
41820018
41022666
41523719
26194081
23230431
17979825
15655718
39229199
28300673
40749257
25580583
38801960
28549991
40108209
26854076
32610134
23992745
41806000
40826119
39657161
39240512
27934480
25631638
39031533
12867498
33382423
40413246
29940597
42132521
38738836
40172827
38340396
30784939
41055617
42260171
33533304
24998752
25674803
41864088
29412820
28123938
40673583
33565209
30354404
23869296
42694629
32655632
26005496
23885193
38032369
41416056
40510546
25330114
41425685
40318928
35223310
26786687
38693036
36507990
1972810
2156728
40419220
39993530
27853059
42038657
42788826
32627818
29464655
31311025
34290863
42656873
29331730
34443410
38388145
37992687
23928357
25669907
29627317
24371039
25437377
32725484
29412810
39604324
27079193
29684353
41438726
39959369
23543638
22897447
42582759
42460175
39355484
41848415
41054431
33061687
40022548
42725550
41341350
37800161
42349781
42697752
39846515
38300808
31229399
41710713
31352909
29671912
35202915
31984675
40836975
39582489
27798332
